0 5.090679 38.950001 0.364000 9.916633 32.750000
1 10.392529 34.950001 0.718000 9.720371 35.000000
2 11.185530 33.450001 1.066000 3.717945 63.000000
3 3.628324 62.750000 1.409000 6.632643 69.250000
4 6.485612 68.900002 1.801000 1.158227 80.000000
5 1.444581 80.400002 2.184000 0.584667 90.500000
6 0.550291 91.500000 2.566000 0.290710 92.500000
7 0.404387 93.000000 2.928000 0.309129 92.750000
8 0.372362 93.300003 3.267000 0.284153 92.750000
9 0.351881 93.699997 3.614000 0.275356 93.000000
10 0.334973 93.750000 3.953000 0.263238 93.250000
11 0.320367 94.000000 4.297000 0.253254 93.500000
12 0.307474 94.400002 4.644000 0.243683 93.250000
13 0.295916 94.650002 5.038000 0.234900 93.250000
14 0.285436 94.650002 5.427000 0.226687 93.250000
15 0.275855 94.800003 5.767000 0.219027 93.500000
16 0.267046 94.800003 6.124000 0.211871 93.500000
17 0.258910 94.849998 6.516000 0.205196 93.750000
18 0.251368 94.800003 6.873000 0.198977 94.000000
19 0.244354 95.050003 7.222000 0.193188 93.750000
20 0.237810 95.250000 7.578000 0.187804 93.750000
21 0.231684 95.300003 7.969000 0.182799 93.750000
22 0.225933 95.450005 8.346000 0.178147 93.750000
23 0.220517 95.599998 8.733999 0.173823 94.250000
24 0.215403 95.599998 9.131000 0.169805 94.500000
25 0.210563 95.650002 9.584000 0.166071 94.750000
26 0.205971 95.700005 9.973000 0.162602 95.000000
27 0.201607 95.750000 10.339000 0.159379 95.500000
28 0.197452 95.900002 10.712000 0.156387 95.750000
29 0.193490 96.050003 11.117000 0.153610 95.750000
30 0.189707 96.200005 11.545000 0.151034 95.750000
31 0.186090 96.150002 11.970000 0.148645 95.750000
32 0.182627 96.300003 12.346001 0.146431 95.750000
33 0.179307 96.350006 12.738001 0.144379 95.750000
34 0.176119 96.400002 13.171000 0.142477 95.750000
35 0.173055 96.500000 13.557000 0.140715 95.750000
36 0.170105 96.500000 13.945000 0.139080 95.750000
37 0.167262 96.550003 14.358000 0.137564 95.750000
38 0.164518 96.550003 14.837000 0.136157 95.750000
39 0.161865 96.550003 15.231000 0.134850 95.750000
40 0.159300 96.599998 15.644000 0.133635 95.500000
41 0.156816 96.599998 16.021000 0.132504 95.250000
42 0.154407 96.550003 16.464001 0.131452 95.750000
43 0.152071 96.599998 16.845001 0.130470 95.750000
44 0.149803 96.650002 17.207001 0.129555 95.750000
45 0.147599 96.750000 17.600000 0.128700 95.750000
46 0.145457 96.800003 18.020000 0.127900 96.000000
47 0.143374 96.900002 18.436001 0.127152 96.000000
48 0.141348 96.900002 18.845001 0.126452 96.000000
49 0.139375 97.000000 19.247002 0.125796 96.000000
50 0.137455 97.000000 19.626001 0.125180 96.250000
51 0.135585 97.000000 20.081001 0.124603 96.250000
52 0.133763 97.000000 20.469002 0.124061 96.250000
53 0.131987 97.000000 20.874002 0.123553 96.250000
54 0.130256 97.050003 21.268002 0.123076 96.250000
55 0.128568 97.099998 21.688002 0.122630 96.250000
56 0.126922 97.099998 22.085001 0.122211 96.250000
57 0.125316 97.150002 22.487001 0.121821 96.250000
58 0.123748 97.150002 22.881001 0.121455 96.250000
59 0.122218 97.150002 23.325001 0.121115 96.250000
60 0.120722 97.150002 23.779001 0.120798 96.250000
61 0.119262 97.199997 24.177002 0.120503 96.250000
62 0.117834 97.250000 24.575003 0.120231 96.250000
63 0.116437 97.299995 25.014002 0.119978 96.250000
64 0.115072 97.299995 25.414001 0.119745 96.250000
65 0.113735 97.349998 25.826002 0.119531 96.500000
66 0.112427 97.349998 26.200003 0.119335 96.250000
67 0.111147 97.349998 26.579002 0.119155 96.250000
68 0.109893 97.399994 27.029003 0.118991 96.250000
69 0.108664 97.399994 27.413004 0.118843 96.250000
70 0.107461 97.399994 27.811005 0.118709 96.250000
71 0.106281 97.449997 28.250004 0.118588 96.250000
72 0.105124 97.449997 28.749004 0.118480 96.250000
73 0.103990 97.449997 29.150003 0.118385 96.250000
74 0.102878 97.500000 29.516003 0.118301 96.250000
75 0.101788 97.500000 29.893003 0.118228 96.250000
76 0.100718 97.500000 30.352003 0.118165 96.250000
77 0.099668 97.449997 30.729004 0.118112 96.250000
78 0.098638 97.500000 31.108004 0.118068 96.250000
79 0.097627 97.649994 31.493004 0.118033 96.250000
80 0.096635 97.599998 31.870005 0.118006 96.250000
81 0.095662 97.750000 32.254005 0.117986 96.250000
82 0.094706 97.750000 32.665005 0.117974 96.250000
83 0.093768 97.750000 33.051006 0.117969 96.250000
84 0.092847 97.799995 33.437008 0.117970 96.250000
85 0.091944 97.799995 33.958008 0.117978 96.250000
86 0.091057 97.799995 34.353008 0.117991 96.250000
87 0.090186 97.799995 34.746010 0.118009 96.250000
88 0.089331 97.799995 35.135010 0.118033 96.250000
89 0.088493 97.849998 35.495010 0.118061 96.250000
90 0.087669 97.849998 35.933010 0.118093 96.250000
91 0.086861 97.899994 36.311008 0.118130 96.250000
92 0.086068 97.899994 36.698009 0.118170 96.250000
93 0.085290 97.899994 37.090008 0.118214 96.250000
94 0.084527 97.899994 37.529007 0.118261 96.250000
95 0.083778 97.899994 37.921005 0.118311 96.250000
96 0.083042 97.949997 38.308006 0.118363 96.250000
97 0.082321 97.949997 38.693005 0.118418 96.250000
98 0.081614 97.949997 39.070004 0.118475 96.250000
99 0.080919 97.949997 39.482002 0.118534 96.250000
100 0.080238 97.949997 39.865002 0.118595 96.250000
101 0.079570 97.949997 40.242001 0.118658 96.250000
102 0.078914 97.949997 40.633999 0.118723 96.250000
103 0.078271 97.949997 41.032997 0.118788 96.250000
104 0.077640 98.000000 41.437996 0.118855 96.250000
105 0.077021 98.000000 41.815994 0.118923 96.250000
106 0.076413 98.000000 42.177994 0.118993 96.250000
107 0.075817 98.000000 42.546993 0.119063 96.250000
108 0.075231 98.049995 43.081993 0.119134 96.250000
109 0.074656 98.049995 43.450993 0.119206 96.500000
110 0.074092 98.099998 43.826992 0.119278 96.500000
111 0.073538 98.099998 44.228992 0.119351 96.500000
112 0.072994 98.099998 44.669994 0.119425 96.500000
113 0.072460 98.150002 45.073994 0.119499 96.500000
114 0.071935 98.099998 45.441994 0.119574 96.500000
115 0.071419 98.099998 45.799995 0.119649 96.500000
116 0.070912 98.150002 46.216995 0.119725 96.500000
117 0.070414 98.150002 46.698994 0.119801 96.500000
118 0.069924 98.150002 47.068993 0.119877 96.500000
119 0.069442 98.150002 47.463993 0.119953 96.500000
120 0.068968 98.150002 47.926994 0.120030 96.500000
121 0.068502 98.199997 48.388996 0.120106 96.500000
122 0.068044 98.250000 48.798996 0.120183 96.500000
123 0.067593 98.199997 49.195995 0.120260 96.500000
124 0.067149 98.199997 49.617996 0.120337 96.500000
125 0.066712 98.199997 50.102997 0.120414 96.500000
126 0.066281 98.250000 50.494995 0.120491 96.500000
127 0.065857 98.250000 50.863995 0.120568 96.500000
128 0.065440 98.250000 51.234993 0.120645 96.500000
129 0.065028 98.250000 51.703995 0.120722 96.500000
130 0.064623 98.250000 52.121994 0.120799 96.500000
131 0.064224 98.299995 52.540993 0.120875 96.500000
132 0.063830 98.349998 53.004993 0.120952 96.500000
133 0.063442 98.349998 53.491993 0.121028 96.500000
134 0.063059 98.349998 53.874992 0.121105 96.250000
135 0.062682 98.349998 54.282993 0.121181 96.250000
136 0.062309 98.349998 54.685993 0.121257 96.250000
137 0.061942 98.349998 55.114994 0.121333 96.250000
138 0.061580 98.349998 55.534992 0.121409 96.000000
139 0.061222 98.400002 55.918991 0.121484 96.000000
140 0.060869 98.400002 56.311993 0.121560 96.000000
141 0.060521 98.400002 56.700993 0.121635 96.000000
142 0.060177 98.449997 57.185993 0.121710 96.000000
143 0.059838 98.500000 57.591991 0.121785 96.000000
144 0.059503 98.549995 57.985992 0.121860 96.000000
145 0.059172 98.549995 58.373993 0.121935 96.000000
146 0.058845 98.549995 58.846992 0.122009 96.000000
147 0.058522 98.549995 59.235992 0.122083 96.000000
148 0.058203 98.549995 59.624992 0.122157 96.000000
149 0.057888 98.549995 60.019993 0.122231 95.750000
150 0.057576 98.549995 60.413994 0.122305 95.750000
151 0.057268 98.549995 60.852993 0.122379 95.750000
152 0.056964 98.549995 61.257992 0.122452 95.750000
153 0.056664 98.549995 61.665993 0.122526 95.750000
154 0.056367 98.549995 62.042992 0.122599 95.750000
155 0.056073 98.549995 62.561993 0.122672 95.750000
156 0.055782 98.549995 62.939991 0.122745 95.750000
157 0.055495 98.549995 63.322990 0.122817 95.750000
158 0.055212 98.549995 63.682991 0.122890 95.750000
159 0.054931 98.549995 64.137993 0.122963 95.750000
160 0.054653 98.650002 64.526993 0.123035 96.000000
161 0.054379 98.650002 64.924995 0.123108 96.000000
162 0.054107 98.650002 65.300995 0.123180 96.000000
163 0.053839 98.650002 65.741997 0.123252 96.000000
164 0.053573 98.650002 66.117996 0.123324 96.000000
165 0.053310 98.650002 66.511993 0.123396 96.000000
166 0.053050 98.699997 66.904991 0.123468 96.000000
167 0.052793 98.750000 67.297989 0.123539 96.000000
168 0.052539 98.750000 67.735992 0.123611 96.000000
169 0.052287 98.750000 68.129990 0.123683 96.000000
170 0.052038 98.750000 68.509987 0.123754 96.000000
171 0.051791 98.750000 68.902985 0.123826 96.000000
172 0.051547 98.799995 69.374985 0.123897 96.000000
173 0.051306 98.799995 69.768982 0.123968 96.000000
174 0.051067 98.799995 70.145981 0.124039 96.000000
175 0.050830 98.799995 70.537979 0.124110 96.000000
176 0.050596 98.799995 71.022980 0.124181 96.000000
177 0.050364 98.799995 71.414978 0.124252 96.000000
178 0.050135 98.799995 71.795975 0.124323 96.000000
179 0.049907 98.799995 72.155975 0.124394 96.000000
180 0.049682 98.799995 72.552979 0.124464 96.000000
181 0.049460 98.799995 72.940979 0.124535 95.750000
182 0.049239 98.799995 73.327980 0.124606 95.750000
183 0.049021 98.799995 73.728981 0.124676 95.750000
184 0.048804 98.799995 74.129982 0.124747 95.750000
185 0.048590 98.849998 74.637985 0.124817 95.750000
186 0.048378 98.849998 75.080986 0.124887 95.750000
187 0.048168 98.900002 75.489983 0.124957 95.750000
188 0.047960 98.900002 75.934982 0.125028 95.750000
189 0.047754 98.900002 76.392982 0.125098 95.750000
190 0.047550 98.900002 76.788986 0.125168 95.750000
191 0.047348 98.900002 77.179985 0.125238 95.750000
192 0.047147 98.949997 77.556984 0.125307 95.750000
193 0.046949 98.949997 77.974983 0.125377 95.750000
194 0.046752 98.949997 78.390984 0.125447 95.750000
195 0.046557 98.949997 78.789986 0.125516 95.750000
196 0.046364 98.949997 79.209984 0.125586 95.750000
197 0.046173 98.949997 79.667984 0.125655 95.750000
198 0.045983 98.949997 80.061981 0.125725 95.750000
199 0.045795 98.949997 80.451981 0.125794 95.750000
