0 7.094832 12.050000 1.083000 5.248463 15.500000
1 6.273488 12.050000 1.429000 4.674513 16.000000
2 5.585794 13.200000 1.772000 4.179869 18.000000
3 4.996210 14.900001 2.124000 3.738606 19.250000
4 4.467026 16.599998 2.485000 3.334607 21.500000
5 3.979593 20.500000 2.829000 2.961923 26.000000
6 3.528665 24.600000 3.220000 2.617610 31.000000
7 3.112616 31.250000 3.611000 2.297706 37.000000
8 2.727481 36.799999 3.968000 2.000198 43.000000
9 2.367738 42.399998 4.328000 1.726729 49.500000
10 2.031104 47.150002 4.701000 1.482601 52.749996
11 1.722549 52.499996 5.038000 1.275226 57.750000
12 1.451833 57.599998 5.419000 1.109051 61.250000
13 1.225132 61.349998 5.774000 0.977314 65.000000
14 1.040971 65.349998 6.158000 0.867355 69.500000
15 0.891091 69.150002 6.549000 0.770071 72.000000
16 0.765954 73.299995 6.946000 0.681760 73.500000
17 0.660227 77.100006 7.321000 0.602754 76.750000
18 0.572273 80.049995 7.693000 0.534859 80.250000
19 0.501582 82.950005 8.063000 0.478883 83.500000
20 0.446475 84.899994 8.441999 0.433659 85.750000
21 0.403599 86.599998 8.839000 0.396744 87.250000
22 0.369265 88.050003 9.247000 0.365542 87.500000
23 0.340526 89.050003 9.632000 0.338148 88.250000
24 0.315569 90.550003 9.990000 0.313605 89.000000
25 0.293569 91.049995 10.401000 0.291562 90.000000
26 0.274173 91.399994 10.764000 0.271785 90.250000
27 0.257036 91.699997 11.155000 0.253905 90.750000
28 0.241680 92.400002 11.547999 0.237487 91.250000
29 0.227624 92.949997 11.957999 0.222222 91.750000
30 0.214560 93.250000 12.349999 0.208006 91.750000
31 0.202381 93.800003 12.742000 0.194879 92.750000
32 0.191072 94.199997 13.110000 0.182924 93.500000
33 0.180610 94.400002 13.481999 0.172205 94.250000
34 0.170928 94.750000 13.874999 0.162746 94.500000
35 0.161911 94.849998 14.266999 0.154551 95.000000
36 0.153437 95.200005 14.667999 0.147620 95.000000
37 0.145443 95.550003 15.051999 0.141882 95.500000
38 0.137944 95.800003 15.438999 0.137081 95.500000
39 0.130934 96.000000 15.816999 0.132817 95.500000
40 0.124324 96.200005 16.184999 0.128812 95.750000
41 0.118029 96.450005 16.563000 0.125092 95.750000
42 0.112043 96.500000 16.955000 0.121847 96.000000
43 0.106382 96.650002 17.407999 0.119163 96.000000
44 0.101020 97.050003 17.799999 0.116916 96.500000
45 0.095912 97.299995 18.205000 0.114912 96.750000
46 0.091051 97.399994 18.597000 0.113085 96.750000
47 0.086457 97.599998 19.068001 0.111517 96.500000
48 0.082124 97.849998 19.479000 0.110295 96.500000
49 0.078015 97.899994 19.862000 0.109408 96.500000
50 0.074115 98.199997 20.244999 0.108758 96.500000
51 0.070403 98.250000 20.609999 0.108276 96.500000
52 0.066852 98.250000 21.017998 0.107942 96.500000
53 0.063461 98.349998 21.369997 0.107661 96.500000
54 0.060235 98.500000 21.769997 0.107279 96.500000
55 0.057166 98.650002 22.124996 0.106790 96.500000
56 0.054256 98.699997 22.549995 0.106344 96.500000
57 0.051502 98.849998 22.932995 0.106004 96.500000
58 0.048891 98.900002 23.322994 0.105715 96.500000
59 0.046418 98.949997 23.709993 0.105488 96.500000
60 0.044072 99.150002 24.112993 0.105412 96.500000
61 0.041840 99.150002 24.476994 0.105488 96.750000
62 0.039713 99.250000 24.838993 0.105710 96.750000
63 0.037682 99.299995 25.234993 0.106140 97.000000
64 0.035740 99.299995 25.612993 0.106738 97.000000
65 0.033882 99.349998 26.047993 0.107442 96.750000
66 0.032110 99.349998 26.428993 0.108269 96.750000
67 0.030423 99.400002 26.802994 0.109173 96.750000
68 0.028824 99.449997 27.179995 0.110150 96.750000
69 0.027308 99.500000 27.556995 0.111193 97.000000
70 0.025867 99.650002 27.934996 0.112255 97.000000
71 0.024494 99.699997 28.309996 0.113320 97.000000
72 0.023183 99.699997 28.671995 0.114246 96.750000
73 0.021931 99.699997 29.029995 0.115163 96.750000
74 0.020735 99.699997 29.467995 0.115941 97.000000
75 0.019599 99.699997 29.854994 0.117048 97.250000
76 0.018535 99.699997 30.215994 0.117823 97.000000
77 0.017560 99.750000 30.596994 0.119006 97.000000
78 0.016633 99.750000 31.003994 0.119981 97.250000
79 0.015736 99.750000 31.388994 0.121067 97.250000
80 0.014923 99.750000 31.766994 0.122069 97.000000
81 0.014146 99.849998 32.131996 0.123046 97.250000
82 0.013382 99.849998 32.484997 0.124008 97.250000
83 0.012673 99.949997 32.919998 0.124817 97.000000
84 0.012003 99.949997 33.320000 0.125734 97.250000
85 0.011347 99.949997 33.706001 0.126610 97.000000
86 0.010726 99.949997 34.061001 0.127489 97.000000
87 0.010141 99.949997 34.473999 0.128665 97.250000
88 0.009577 99.949997 34.869999 0.129720 97.000000
89 0.009037 99.949997 35.257000 0.130904 97.000000
90 0.008526 99.949997 35.623001 0.132214 97.250000
91 0.008045 99.949997 36.007999 0.133317 97.000000
92 0.007589 99.949997 36.452999 0.134657 97.250000
93 0.007159 99.949997 36.827000 0.135740 97.000000
94 0.006753 99.949997 37.218998 0.136966 97.250000
95 0.006370 100.000000 37.596996 0.138290 97.250000
96 0.006009 100.000000 38.022995 0.139478 97.250000
97 0.005668 100.000000 38.405994 0.140929 97.000000
98 0.005346 100.000000 38.802994 0.142102 97.000000
99 0.005047 100.000000 39.184994 0.143683 96.750000
100 0.004768 100.000000 39.568993 0.144861 97.000000
101 0.004508 100.000000 39.999992 0.146351 96.750000
102 0.004261 100.000000 40.376991 0.147891 96.750000
103 0.004030 100.000000 40.764992 0.149074 96.750000
104 0.003814 100.000000 41.157993 0.151024 96.750000
105 0.003611 100.000000 41.624992 0.151930 96.750000
106 0.003420 100.000000 42.018993 0.153663 96.750000
107 0.003237 100.000000 42.365993 0.154902 96.750000
108 0.003064 100.000000 42.727993 0.156194 96.750000
109 0.002901 100.000000 43.206993 0.158072 96.750000
110 0.002747 100.000000 43.565994 0.159055 96.750000
111 0.002601 100.000000 43.949993 0.160922 96.750000
112 0.002463 100.000000 44.335995 0.162198 96.750000
113 0.002333 100.000000 44.721996 0.163610 96.750000
114 0.002211 100.000000 45.134995 0.165311 96.500000
115 0.002096 100.000000 45.527996 0.166535 96.500000
116 0.001987 100.000000 45.899998 0.168185 96.500000
117 0.001883 100.000000 46.259998 0.169850 96.500000
118 0.001785 100.000000 46.650997 0.171213 96.500000
119 0.001691 100.000000 47.034996 0.172967 96.500000
120 0.001603 100.000000 47.402996 0.174568 96.250000
121 0.001520 100.000000 47.782997 0.175741 96.500000
122 0.001444 100.000000 48.154999 0.177966 96.250000
123 0.001373 100.000000 48.578999 0.178713 96.500000
124 0.001304 100.000000 48.967999 0.180455 96.500000
125 0.001239 100.000000 49.354000 0.182438 96.250000
126 0.001181 100.000000 49.728001 0.183272 96.500000
127 0.001124 100.000000 50.166000 0.185106 96.250000
128 0.001068 100.000000 50.526001 0.186785 96.500000
129 0.001016 100.000000 50.875000 0.187719 96.500000
130 0.000967 100.000000 51.230000 0.189742 96.250000
131 0.000920 100.000000 51.604000 0.191323 96.250000
132 0.000875 100.000000 51.987999 0.192603 96.250000
133 0.000832 100.000000 52.379997 0.194736 96.250000
134 0.000791 100.000000 52.756996 0.196139 96.250000
135 0.000752 100.000000 53.138996 0.197752 96.000000
136 0.000715 100.000000 53.599995 0.199863 96.000000
137 0.000680 100.000000 53.975994 0.201314 96.000000
138 0.000646 100.000000 54.351994 0.202827 96.000000
139 0.000615 100.000000 54.728992 0.205098 95.750000
140 0.000584 100.000000 55.077991 0.206320 96.000000
141 0.000556 100.000000 55.470993 0.208336 95.750000
142 0.000528 100.000000 55.847992 0.210249 95.750000
143 0.000502 100.000000 56.224991 0.211777 96.000000
144 0.000476 100.000000 56.634991 0.214023 95.750000
145 0.000452 100.000000 57.080990 0.215579 96.000000
146 0.000429 100.000000 57.458988 0.217590 95.750000
147 0.000407 100.000000 57.828987 0.219614 96.000000
148 0.000388 100.000000 58.197987 0.221289 95.750000
149 0.000370 100.000000 58.615986 0.222788 96.000000
150 0.000352 100.000000 59.022987 0.224822 95.750000
151 0.000335 100.000000 59.396988 0.226141 95.750000
152 0.000320 100.000000 59.757988 0.227840 96.000000
153 0.000306 100.000000 60.168987 0.229771 95.750000
154 0.000291 100.000000 60.546986 0.230851 95.750000
155 0.000278 100.000000 60.907986 0.232708 96.000000
156 0.000266 100.000000 61.269985 0.234522 95.750000
157 0.000253 100.000000 61.669987 0.235655 95.750000
158 0.000241 100.000000 62.102985 0.237866 96.000000
159 0.000230 100.000000 62.486984 0.239548 95.750000
160 0.000220 100.000000 62.846985 0.240890 96.000000
161 0.000209 100.000000 63.236984 0.243304 95.750000
162 0.000199 100.000000 63.617985 0.244616 95.750000
163 0.000190 100.000000 64.001984 0.246458 96.000000
164 0.000181 100.000000 64.365982 0.248725 95.750000
165 0.000172 100.000000 64.727982 0.250011 96.000000
166 0.000164 100.000000 65.098984 0.252415 95.750000
167 0.000156 100.000000 65.508987 0.254064 96.000000
168 0.000148 100.000000 65.884987 0.255740 95.750000
169 0.000141 100.000000 66.278984 0.258137 95.750000
170 0.000134 100.000000 66.658981 0.259662 95.750000
171 0.000128 100.000000 67.048981 0.261603 95.750000
172 0.000121 100.000000 67.409981 0.264007 95.750000
173 0.000115 100.000000 67.756981 0.265603 95.750000
174 0.000109 100.000000 68.113983 0.267852 95.750000
175 0.000104 100.000000 68.467979 0.270040 95.750000
176 0.000099 100.000000 68.884979 0.271598 96.250000
177 0.000094 100.000000 69.266983 0.274047 95.750000
178 0.000090 100.000000 69.659981 0.275178 95.750000
179 0.000086 100.000000 70.036980 0.277081 96.000000
180 0.000082 100.000000 70.420982 0.279451 95.750000
181 0.000078 100.000000 70.806984 0.280413 95.750000
182 0.000075 100.000000 71.192986 0.282224 96.000000
183 0.000071 100.000000 71.570984 0.284512 95.750000
184 0.000068 100.000000 71.939987 0.285359 96.000000
185 0.000065 100.000000 72.333984 0.287210 96.000000
186 0.000062 100.000000 72.703987 0.289811 95.750000
187 0.000059 100.000000 73.089989 0.290835 96.250000
188 0.000057 100.000000 73.479988 0.292702 96.000000
189 0.000054 100.000000 73.902985 0.295415 96.000000
190 0.000052 100.000000 74.267982 0.296564 96.250000
191 0.000049 100.000000 74.653984 0.298332 96.000000
192 0.000047 100.000000 75.027985 0.300918 96.250000
193 0.000045 100.000000 75.394981 0.302394 96.000000
194 0.000043 100.000000 75.816978 0.304188 96.000000
195 0.000041 100.000000 76.205978 0.306436 96.000000
196 0.000039 100.000000 76.592979 0.308322 96.000000
197 0.000037 100.000000 76.982979 0.310525 96.250000
198 0.000035 100.000000 77.393982 0.312340 96.000000
199 0.000033 100.000000 77.780983 0.314288 96.250000
