0 3.558223 45.312500 0.013000 2.798246 44.750000
1 2.826694 42.187500 0.027000 2.248582 55.250000
2 2.362545 60.937500 0.033000 1.579717 67.000000
3 2.087989 59.375000 0.036000 1.791633 61.000000
4 1.598115 59.375000 0.049000 1.336322 71.500000
5 1.249891 70.312500 0.063000 1.092151 72.500000
6 0.737976 79.687500 0.081000 0.733350 82.250000
7 0.606920 81.250000 0.094000 0.699519 83.500000
8 0.472120 85.937500 0.109000 0.657432 81.500000
9 0.598249 81.250000 0.124000 0.671810 84.750000
10 0.512831 85.937500 0.125000 0.615326 84.500000
11 0.599535 78.125000 0.134000 0.597897 85.250000
12 0.658390 85.937500 0.149000 0.542151 85.250000
13 0.622665 85.937500 0.172000 0.506155 87.000000
14 0.369358 87.500000 0.187000 0.553051 84.750000
15 0.667909 87.500000 0.212000 0.478328 86.500000
16 0.243102 90.625000 0.225000 0.442301 87.000000
17 0.362352 92.187500 0.237000 0.450488 88.000000
18 0.584941 79.687500 0.243000 0.511288 86.750000
19 0.617407 87.500000 0.259000 0.410410 89.500000
20 0.089584 95.312500 0.274000 0.409155 88.250000
21 0.379532 87.500000 0.294000 0.413915 89.250000
22 0.348392 90.625000 0.310000 0.399458 89.000000
23 0.379906 87.500000 0.326000 0.426408 89.000000
24 0.567596 85.937500 0.342000 0.440995 87.500000
25 0.453151 85.937500 0.358000 0.398432 88.250000
26 0.388770 89.062500 0.374000 0.347599 90.000000
27 0.276908 90.625000 0.390000 0.393135 89.000000
28 0.270036 90.625000 0.403000 0.315348 91.000000
29 0.470046 87.500000 0.418000 0.327487 89.250000
30 0.240330 93.750000 0.433000 0.344923 88.250000
31 0.220903 93.750000 0.449000 0.335588 90.000000
32 0.160199 93.750000 0.465000 0.322678 90.750000
33 0.196880 95.312500 0.472000 0.319914 90.250000
34 0.128252 96.875000 0.481000 0.315265 90.000000
35 0.267395 95.312500 0.481000 0.303133 90.750000
36 0.246314 92.187500 0.507000 0.300969 90.250000
37 0.269066 95.312500 0.512000 0.319938 90.250000
38 0.317548 92.187500 0.533000 0.327829 90.000000
39 0.088334 95.312500 0.541000 0.308973 90.000000
40 0.212133 92.187500 0.557000 0.308082 90.250000
41 0.040769 100.000000 0.579000 0.301151 90.000000
42 0.132797 98.437500 0.595000 0.284104 90.500000
43 0.409542 87.500000 0.611000 0.283916 90.250000
44 0.231410 92.187500 0.618000 0.289053 91.250000
45 0.252240 93.750000 0.634000 0.282108 90.750000
46 0.117492 95.312500 0.647000 0.270437 91.750000
47 0.210331 92.187500 0.647000 0.270564 91.250000
48 0.268486 92.187500 0.661000 0.279547 91.500000
49 0.054651 96.875000 0.661000 0.278960 90.750000
50 0.251034 95.312500 0.661000 0.271457 92.250000
51 0.348807 90.625000 0.673000 0.269028 91.750000
52 0.036133 100.000000 0.686000 0.273118 91.250000
53 0.175163 92.187500 0.699000 0.291971 91.500000
54 0.186696 92.187500 0.711000 0.278797 91.250000
55 0.054075 96.875000 0.723000 0.282142 90.750000
56 0.516080 87.500000 0.735000 0.284963 90.750000
57 0.122081 98.437500 0.748000 0.273345 91.500000
58 0.367542 89.062500 0.760000 0.245369 93.250000
59 0.080302 96.875000 0.772000 0.247012 92.500000
60 0.224399 93.750000 0.786000 0.248210 92.000000
61 0.195392 93.750000 0.799000 0.241034 93.000000
62 0.074824 98.437500 0.811000 0.240877 93.000000
63 0.232044 93.750000 0.823000 0.238944 92.500000
64 0.304334 89.062500 0.835000 0.238507 93.000000
65 0.368937 90.625000 0.846000 0.243046 92.250000
66 0.282946 92.187500 0.859000 0.241160 92.500000
67 0.329516 92.187500 0.872000 0.237768 93.000000
68 0.174482 92.187500 0.888000 0.245318 91.750000
69 0.159036 93.750000 0.901000 0.256038 92.000000
70 0.152633 93.750000 0.914000 0.237526 92.250000
71 0.082145 96.875000 0.926000 0.239960 92.250000
72 0.149833 93.750000 0.939000 0.238703 92.250000
73 0.311358 92.187500 0.951000 0.234258 92.250000
74 0.224399 92.187500 0.964000 0.229381 93.250000
75 0.225844 95.312500 0.976000 0.234563 93.000000
76 0.108353 95.312500 0.990000 0.235965 92.750000
77 0.269266 92.187500 1.002000 0.254544 91.500000
78 0.092045 98.437500 1.014000 0.248003 91.750000
79 0.258511 89.062500 1.027000 0.235212 93.000000
80 0.224996 93.750000 1.039000 0.234077 93.000000
81 0.093374 93.750000 1.052000 0.247256 92.500000
82 0.176744 96.875000 1.063000 0.256525 91.500000
83 0.218005 93.750000 1.076000 0.232866 93.000000
84 0.245897 93.750000 1.088000 0.229914 92.500000
85 0.161438 93.750000 1.101000 0.239471 91.750000
86 0.169171 95.312500 1.113000 0.225937 93.000000
87 0.273874 92.187500 1.125000 0.231603 92.500000
88 0.108227 96.875000 1.137000 0.228424 92.750000
89 0.103252 93.750000 1.149000 0.234050 92.250000
90 0.143683 95.312500 1.161000 0.229555 92.750000
91 0.237590 89.062500 1.173000 0.217996 93.750000
92 0.285316 90.625000 1.185000 0.223927 93.000000
93 0.380339 90.625000 1.198000 0.224753 92.750000
94 0.092908 98.437500 1.210000 0.222101 93.250000
95 0.184024 95.312500 1.223000 0.213037 93.750000
96 0.169549 92.187500 1.236000 0.223265 93.000000
97 0.072948 98.437500 1.248000 0.226155 92.500000
98 0.074750 96.875000 1.260000 0.218603 93.000000
99 0.187421 96.875000 1.272000 0.221802 93.000000
100 0.246326 92.187500 1.285000 0.239784 91.000000
101 0.032196 98.437500 1.298000 0.233407 91.500000
102 0.214473 93.750000 1.310000 0.216781 92.750000
103 0.212080 95.312500 1.322000 0.208107 93.250000
104 0.157419 92.187500 1.334000 0.216893 93.000000
105 0.145248 93.750000 1.346000 0.208944 93.250000
106 0.129979 93.750000 1.359000 0.203273 93.750000
107 0.072842 96.875000 1.370000 0.210093 93.750000
108 0.178748 93.750000 1.382000 0.205329 94.000000
109 0.179677 95.312500 1.394000 0.209741 93.250000
110 0.141634 93.750000 1.406000 0.215152 93.000000
111 0.125751 96.875000 1.419000 0.221397 92.500000
112 0.215317 92.187500 1.431000 0.214112 93.000000
113 0.216354 90.625000 1.443000 0.212332 93.250000
114 0.103527 98.437500 1.456000 0.205440 93.750000
115 0.124547 93.750000 1.468000 0.208378 93.250000
116 0.203088 93.750000 1.480000 0.198689 94.250000
117 0.209478 95.312500 1.492000 0.213038 93.000000
118 0.142156 95.312500 1.504000 0.214523 93.000000
119 0.102899 96.875000 1.516000 0.212362 93.250000
120 0.195634 93.750000 1.528000 0.207460 93.000000
121 0.302243 93.750000 1.539999 0.205944 93.250000
122 0.148434 95.312500 1.552999 0.201498 93.750000
123 0.037374 98.437500 1.567000 0.202547 93.750000
124 0.140241 96.875000 1.580000 0.193331 94.250000
125 0.097163 96.875000 1.594000 0.190637 94.250000
126 0.166469 93.750000 1.607000 0.193790 94.250000
127 0.223666 95.312500 1.621000 0.190446 94.250000
128 0.091426 98.437500 1.642000 0.194834 94.250000
129 0.121225 98.437500 1.654000 0.195403 94.250000
130 0.061021 100.000000 1.667000 0.192911 94.250000
131 0.098451 98.437500 1.690000 0.191895 94.250000
132 0.104698 95.312500 1.703000 0.191120 94.250000
133 0.154026 93.750000 1.717000 0.187756 94.500000
134 0.112273 96.875000 1.737000 0.194606 94.000000
135 0.043299 100.000000 1.755000 0.195667 93.750000
136 0.150659 93.750000 1.768000 0.190103 94.500000
137 0.307934 95.312500 1.781000 0.199309 93.750000
138 0.198454 93.750000 1.794000 0.195544 93.750000
139 0.060696 98.437500 1.807000 0.190321 94.250000
140 0.069837 96.875000 1.821000 0.186954 94.500000
141 0.125372 95.312500 1.835000 0.191607 94.000000
142 0.264253 95.312500 1.848000 0.190320 94.250000
143 0.129094 92.187500 1.861000 0.197646 93.250000
144 0.046375 98.437500 1.875000 0.198120 93.500000
145 0.080757 98.437500 1.888000 0.192540 93.500000
146 0.029065 100.000000 1.909000 0.193367 93.500000
147 0.186880 93.750000 1.923000 0.189615 93.750000
148 0.061704 96.875000 1.938000 0.193847 93.500000
149 0.098934 96.875000 1.954000 0.184055 94.500000
150 0.210793 92.187500 1.977000 0.188625 94.000000
151 0.123962 96.875000 1.996000 0.192677 93.250000
152 0.036669 96.875000 1.996000 0.192690 93.250000
153 0.106271 92.187500 2.011000 0.187575 94.250000
154 0.032602 98.437500 2.027000 0.186071 94.500000
155 0.154812 95.312500 2.043000 0.186114 94.250000
156 0.179044 93.750000 2.043000 0.184290 94.500000
157 0.153393 96.875000 2.053000 0.186115 94.500000
158 0.091420 96.875000 2.068000 0.190279 94.000000
159 0.158111 95.312500 2.070000 0.186450 94.250000
160 0.150534 95.312500 2.086000 0.191535 93.500000
161 0.129690 95.312500 2.101001 0.193223 92.750000
162 0.057365 100.000000 2.116001 0.193593 92.750000
163 0.120490 95.312500 2.138001 0.192573 93.500000
164 0.262412 95.312500 2.156001 0.195800 92.750000
165 0.046210 98.437500 2.171001 0.194707 93.000000
166 0.204059 95.312500 2.187001 0.195677 92.750000
167 0.222167 93.750000 2.201001 0.190047 93.750000
168 0.174496 93.750000 2.217001 0.188786 93.500000
169 0.100111 96.875000 2.233001 0.184082 93.750000
170 0.037414 100.000000 2.254001 0.184665 93.750000
171 0.227826 92.187500 2.275001 0.176933 94.500000
172 0.317750 92.187500 2.289001 0.187073 94.000000
173 0.078819 95.312500 2.302001 0.191860 93.250000
174 0.075673 98.437500 2.315001 0.185861 94.000000
175 0.270292 95.312500 2.329000 0.189603 93.750000
176 0.016212 100.000000 2.344001 0.187805 94.000000
177 0.091292 96.875000 2.358001 0.184233 94.250000
178 0.062644 98.437500 2.371001 0.182898 94.250000
179 0.121310 95.312500 2.385000 0.188156 93.250000
180 0.162076 92.187500 2.400001 0.193397 93.000000
181 0.091051 93.750000 2.415001 0.199849 92.750000
182 0.159390 96.875000 2.428001 0.202172 92.500000
183 0.084531 98.437500 2.441001 0.201183 92.500000
184 0.214726 95.312500 2.454001 0.201427 92.500000
185 0.145117 95.312500 2.467001 0.194489 93.000000
186 0.115204 96.875000 2.481001 0.192343 93.250000
187 0.057715 96.875000 2.495001 0.196395 92.750000
188 0.423849 92.187500 2.509001 0.189490 93.500000
189 0.024159 98.437500 2.523000 0.190576 93.500000
190 0.044048 98.437500 2.537000 0.193064 93.250000
191 0.155769 96.875000 2.552001 0.187181 93.750000
192 0.092623 96.875000 2.566000 0.190224 93.500000
193 0.038541 98.437500 2.587000 0.187091 93.500000
194 0.078671 98.437500 2.608000 0.187889 93.250000
195 0.260169 95.312500 2.622000 0.195037 93.000000
196 0.043978 98.437500 2.637000 0.193661 92.750000
197 0.143643 95.312500 2.649000 0.188919 93.250000
198 0.072574 96.875000 2.661000 0.196106 93.000000
199 0.200275 95.312500 2.674001 0.196545 93.000000
