0 2.071209 40.625000 0.032000 1.905725 45.500000
1 2.413378 31.250000 0.088000 1.871912 47.500000
2 1.716730 50.000000 0.132000 1.842591 48.500000
3 2.302041 37.500000 0.162000 1.815412 49.000000
4 1.670548 53.125000 0.191000 1.800439 49.500000
5 1.901132 46.875000 0.233000 1.773843 49.500000
6 2.386736 37.500000 0.253000 1.757125 50.500000
7 1.896236 43.750000 0.295000 1.728729 51.000000
8 1.947371 46.875000 0.309000 1.708531 52.499996
9 1.830237 53.125000 0.338000 1.688112 53.500004
10 1.559474 56.250000 0.385000 1.663496 54.000004
11 2.400830 28.125000 0.437000 1.635196 54.500000
12 1.996460 40.625000 0.462000 1.603410 55.000000
13 1.722318 46.875000 0.504000 1.570773 55.500000
14 1.929666 43.750000 0.534000 1.549620 56.000000
15 2.127758 37.500000 0.552000 1.525313 56.000000
16 1.986163 46.875000 0.596000 1.510334 57.500000
17 1.609470 53.125000 0.614000 1.472630 58.000000
18 1.625660 53.125000 0.633000 1.445683 58.999996
19 1.582791 53.125000 0.639000 1.422524 59.500004
20 1.550334 56.250000 0.657000 1.392150 59.500004
21 1.569817 56.250000 0.675000 1.362478 59.500004
22 2.296757 40.625000 0.681000 1.349657 60.000004
23 1.282001 59.375000 0.698000 1.315116 60.500000
24 1.695337 43.750000 0.705000 1.280505 61.500000
25 1.721138 50.000000 0.741000 1.255865 61.500000
26 1.359354 62.500000 0.747000 1.238444 63.000000
27 1.496976 59.375000 0.784000 1.226732 63.000000
28 1.464301 56.250000 0.806000 1.207937 64.000000
29 1.457601 56.250000 0.813000 1.184861 65.000000
30 1.095933 65.625000 0.823000 1.174653 65.000000
31 1.321097 59.375000 0.830000 1.150596 67.000000
32 0.976676 68.750000 0.848000 1.132047 67.000000
33 0.898359 71.875000 0.854000 1.110971 67.000000
34 1.136788 65.625000 0.861000 1.103920 67.000000
35 0.798321 75.000000 0.867000 1.094129 67.000000
36 0.708995 78.125000 0.873000 1.081935 67.500000
37 0.884456 71.875000 0.880000 1.069441 67.500000
38 0.889552 71.875000 0.897000 1.051527 68.000000
39 1.434036 53.125000 0.903000 1.042174 68.500000
40 1.101595 68.750000 0.954000 1.027140 69.000000
41 0.858747 78.125000 0.981000 1.025807 69.000000
42 0.707348 78.125000 0.988000 1.010768 70.000000
43 1.066066 71.875000 0.994000 1.000470 70.500000
44 1.030709 65.625000 1.013000 0.989423 70.500000
45 0.629777 84.375000 1.019000 0.978150 70.500000
46 1.570147 53.125000 1.039000 0.962401 71.500000
47 1.012174 71.875000 1.057000 0.941558 71.500000
48 0.866860 75.000000 1.070000 0.936145 72.000000
49 0.837110 78.125000 1.087000 0.928740 72.000000
50 0.592136 78.125000 1.093000 0.909293 73.000000
51 0.765798 78.125000 1.099000 0.901100 73.500000
52 0.935670 78.125000 1.116000 0.899859 73.500000
53 1.422042 56.250000 1.120000 0.891074 74.000000
54 0.949719 65.625000 1.128000 0.879030 74.000000
55 0.722530 75.000000 1.137000 0.866265 74.000000
56 0.743948 78.125000 1.152000 0.855344 74.000000
57 0.334366 90.625000 1.158000 0.854270 74.000000
58 0.672401 81.250000 1.175000 0.840366 74.000000
59 0.745808 78.125000 1.189000 0.836803 74.000000
60 0.802490 75.000000 1.197000 0.834261 74.000000
61 0.706605 81.250000 1.205000 0.831933 74.000000
62 0.895228 71.875000 1.213000 0.819476 74.000000
63 0.433950 81.250000 1.219000 0.807633 75.000000
64 0.784734 81.250000 1.225000 0.803566 76.000000
65 0.701326 81.250000 1.231000 0.797170 76.000000
66 0.627980 78.125000 1.238000 0.786198 76.000000
67 0.520618 87.500000 1.245000 0.781396 76.500000
68 0.646686 84.375000 1.252000 0.780679 76.500000
69 0.491628 84.375000 1.258000 0.775588 77.000000
70 0.892000 75.000000 1.263000 0.767395 77.500000
71 0.751982 78.125000 1.269000 0.760724 78.000000
72 0.802980 75.000000 1.274000 0.761117 77.500000
73 0.792258 78.125000 1.303000 0.752894 78.000000
74 0.725599 81.250000 1.311000 0.754705 78.500000
75 0.654247 81.250000 1.320000 0.750458 78.500000
76 0.858674 71.875000 1.325000 0.745684 78.500000
77 0.914139 71.875000 1.331000 0.736353 78.500000
78 0.748627 78.125000 1.337000 0.727809 78.500000
79 0.821508 75.000000 1.345000 0.720579 79.500000
80 0.811999 78.125000 1.351000 0.707724 79.500000
81 0.975886 68.750000 1.358000 0.700369 79.500000
82 0.568525 84.375000 1.365000 0.695366 79.500000
83 1.051256 71.875000 1.372000 0.691215 79.500000
84 0.480294 87.500000 1.380000 0.685006 80.000000
85 0.797141 78.125000 1.387000 0.682666 80.000000
86 0.518906 81.250000 1.394000 0.673513 80.000000
87 0.926362 75.000000 1.400000 0.663732 80.500000
88 0.227928 90.625000 1.407000 0.654513 80.500000
89 0.865464 75.000000 1.413000 0.647882 80.500000
90 0.401535 84.375000 1.420000 0.639657 80.500000
91 0.341815 87.500000 1.437000 0.635183 81.000000
92 0.560507 84.375000 1.443000 0.629382 81.500000
93 0.498623 84.375000 1.452000 0.628435 81.500000
94 0.480956 87.500000 1.460000 0.626743 82.000000
95 0.351501 90.625000 1.466000 0.623243 82.000000
96 0.570242 84.375000 1.473000 0.624420 82.000000
97 0.531360 84.375000 1.480000 0.621226 82.000000
98 0.493968 84.375000 1.487000 0.617050 82.000000
99 0.370219 84.375000 1.494000 0.614679 82.000000
100 0.705566 78.125000 1.501000 0.610919 82.000000
101 0.367778 87.500000 1.507000 0.605218 82.000000
102 0.347297 90.625000 1.516000 0.603070 82.000000
103 0.924508 71.875000 1.524000 0.600164 82.000000
104 0.363701 84.375000 1.530000 0.595311 82.000000
105 0.553904 81.250000 1.535000 0.591201 82.500000
106 0.363889 87.500000 1.541000 0.589823 82.500000
107 0.335764 87.500000 1.546000 0.585457 82.500000
108 0.856672 71.875000 1.552000 0.577433 82.500000
109 0.282069 90.625000 1.556000 0.576872 82.500000
110 0.573990 84.375000 1.562000 0.572312 82.500000
111 0.542929 81.250000 1.567000 0.568058 82.500000
112 0.573940 84.375000 1.574000 0.562161 82.500000
113 0.695368 75.000000 1.579000 0.565328 82.500000
114 0.531024 87.500000 1.585000 0.564736 82.500000
115 0.421232 84.375000 1.590000 0.561216 82.500000
116 0.447504 87.500000 1.596000 0.562053 82.500000
117 0.296404 90.625000 1.603000 0.560288 82.500000
118 0.283030 87.500000 1.609000 0.557842 82.500000
119 0.326411 84.375000 1.616000 0.557071 82.500000
120 0.433761 84.375000 1.622000 0.550437 82.500000
121 0.309074 87.500000 1.628000 0.547045 82.500000
122 0.386672 90.625000 1.637000 0.544956 82.500000
123 0.338185 87.500000 1.643000 0.544064 82.500000
124 0.373054 90.625000 1.650000 0.543470 82.500000
125 0.658945 75.000000 1.656000 0.539475 82.500000
126 0.199727 90.625000 1.662000 0.535097 82.500000
127 0.253276 93.750000 1.668000 0.534013 82.500000
128 0.928676 75.000000 1.675000 0.531347 82.500000
129 0.725932 81.250000 1.681000 0.528207 83.000000
130 0.252966 93.750000 1.686000 0.527385 83.000000
131 0.473014 84.375000 1.692001 0.523505 83.000000
132 0.555929 81.250000 1.697001 0.518104 84.000000
133 0.631640 81.250000 1.703001 0.515395 84.000000
134 0.612198 78.125000 1.708001 0.514946 84.000000
135 0.511643 84.375000 1.714001 0.512555 84.000000
136 0.443335 87.500000 1.719001 0.510253 84.000000
137 0.343447 90.625000 1.725001 0.508758 84.000000
138 0.423116 87.500000 1.751001 0.503468 84.000000
139 0.353677 90.625000 1.757001 0.502872 84.000000
140 0.588281 81.250000 1.762001 0.501174 84.000000
141 0.248432 90.625000 1.768001 0.498920 84.500000
142 0.428035 84.375000 1.774001 0.499453 84.500000
143 0.561604 84.375000 1.791001 0.498171 84.500000
144 0.429238 87.500000 1.796001 0.496658 84.500000
145 0.217244 90.625000 1.801001 0.492956 85.000000
146 0.527540 84.375000 1.807001 0.487918 85.000000
147 0.388355 87.500000 1.813001 0.487044 85.000000
148 0.609071 84.375000 1.820001 0.486486 85.000000
149 0.144462 96.875000 1.826001 0.487440 85.000000
150 0.383103 87.500000 1.832001 0.489175 85.000000
151 0.213706 93.750000 1.838001 0.487745 85.000000
152 0.275637 87.500000 1.843001 0.482404 85.000000
153 0.276159 90.625000 1.849001 0.480859 85.000000
154 0.457923 84.375000 1.856001 0.478550 85.000000
155 0.288429 90.625000 1.862001 0.478837 85.000000
156 0.398225 87.500000 1.868001 0.475469 85.000000
157 0.368430 84.375000 1.874001 0.472711 85.000000
158 0.984335 65.625000 1.880001 0.473283 85.000000
159 0.391931 87.500000 1.886001 0.472805 85.000000
160 0.476376 87.500000 1.892001 0.471905 85.000000
161 0.287695 90.625000 1.898001 0.470005 85.000000
162 0.194010 93.750000 1.903001 0.469457 85.000000
163 0.292012 93.750000 1.909001 0.469397 85.000000
164 0.370091 90.625000 1.916001 0.469146 85.000000
165 0.526316 87.500000 1.923001 0.466277 85.000000
166 0.339492 90.625000 1.929001 0.462732 85.500000
167 0.192398 93.750000 1.934001 0.461119 85.500000
168 0.236938 93.750000 1.940001 0.460046 85.500000
169 0.131770 96.875000 1.946001 0.459587 85.500000
170 0.287844 87.500000 1.952001 0.459192 85.500000
171 0.379271 87.500000 1.959001 0.456546 86.000000
172 0.339351 90.625000 1.964001 0.455497 86.000000
173 0.443491 84.375000 1.970001 0.450702 86.500000
174 0.412095 84.375000 1.976001 0.445439 87.000000
175 0.250789 93.750000 1.982001 0.445413 87.000000
176 0.481016 84.375000 1.987001 0.444491 87.000000
177 0.143430 96.875000 1.993001 0.443772 87.000000
178 0.039740 96.875000 2.001001 0.442077 87.000000
179 0.308370 93.750000 2.007001 0.438955 87.000000
180 0.368143 90.625000 2.013001 0.438786 87.000000
181 0.421502 87.500000 2.021001 0.435129 87.000000
182 0.230551 93.750000 2.027001 0.434750 87.000000
183 0.448821 87.500000 2.034001 0.432396 87.000000
184 0.282149 90.625000 2.039001 0.430165 87.000000
185 0.196270 93.750000 2.044002 0.429725 87.000000
186 0.313174 90.625000 2.050002 0.428045 87.000000
187 0.530608 84.375000 2.056002 0.426235 87.000000
188 0.541913 84.375000 2.062002 0.423415 87.000000
189 0.156855 93.750000 2.071002 0.422439 87.000000
190 0.226232 90.625000 2.077002 0.422385 87.000000
191 0.372735 87.500000 2.083002 0.420210 87.000000
192 0.140823 96.875000 2.089002 0.420126 87.000000
193 0.425401 90.625000 2.095002 0.419569 87.000000
194 0.504883 84.375000 2.102002 0.415676 87.000000
195 0.126116 96.875000 2.108002 0.415315 87.000000
196 0.252842 90.625000 2.116002 0.415854 87.000000
197 0.042953 96.875000 2.122002 0.414853 87.000000
198 0.397860 87.500000 2.131002 0.412530 87.000000
199 0.400698 87.500000 2.139002 0.410635 87.000000
