0 2.215196 39.299999 0.491000 1.970269 50.500000
1 1.834617 52.999996 0.675000 1.946471 51.000000
2 1.682740 56.599998 0.860000 1.815464 52.499996
3 1.407609 62.800003 1.036000 1.346959 63.500000
4 0.856552 76.599998 1.211000 0.792098 77.500000
5 0.482082 86.500000 1.386000 0.569704 83.000000
6 0.343637 90.000000 1.568000 0.341794 90.500000
7 0.205863 94.300003 1.737000 0.267570 93.000000
8 0.166286 95.099998 1.904000 0.232338 93.000000
9 0.147353 95.800003 2.068000 0.204210 93.500000
10 0.134896 96.300003 2.232000 0.173070 94.000000
11 0.124110 96.400002 2.394000 0.133384 94.500000
12 0.111867 96.599998 2.577000 0.091274 97.000000
13 0.097390 97.000000 2.750000 0.065452 98.000000
14 0.084576 97.399994 2.911000 0.054223 98.500000
15 0.075277 97.699997 3.086000 0.049165 98.500000
16 0.068611 97.899994 3.249000 0.046273 98.500000
17 0.063154 98.000000 3.408000 0.044260 98.500000
18 0.058149 98.099998 3.573000 0.042727 98.500000
19 0.053462 98.199997 3.767000 0.041474 98.500000
20 0.049346 98.199997 3.961000 0.040364 98.500000
21 0.045998 98.299995 4.121000 0.039322 99.000000
22 0.043324 98.400002 4.283000 0.038327 99.000000
23 0.041112 98.599998 4.444000 0.037378 99.000000
24 0.039201 98.599998 4.615000 0.036481 99.000000
25 0.037497 98.599998 4.793000 0.035642 99.000000
26 0.035946 98.799995 4.957000 0.034866 99.000000
27 0.034512 99.000000 5.122000 0.034157 99.000000
28 0.033172 99.000000 5.303000 0.033515 99.000000
29 0.031908 99.000000 5.488000 0.032942 99.000000
30 0.030706 99.000000 5.667000 0.032434 99.000000
31 0.029555 99.000000 5.832000 0.031985 99.000000
32 0.028449 99.099998 6.003000 0.031588 99.000000
33 0.027391 99.099998 6.188000 0.031230 99.000000
34 0.026383 99.099998 6.370000 0.030901 99.000000
35 0.025436 99.099998 6.534000 0.030591 99.000000
36 0.024557 99.299995 6.695000 0.030291 99.000000
37 0.023750 99.299995 6.878000 0.029999 99.000000
38 0.023016 99.400002 7.070000 0.029712 99.000000
39 0.022350 99.400002 7.248000 0.029430 99.000000
40 0.021747 99.400002 7.407000 0.029155 99.000000
41 0.021200 99.400002 7.567000 0.028888 99.000000
42 0.020703 99.500000 7.728000 0.028631 99.000000
43 0.020249 99.500000 7.888000 0.028383 99.000000
44 0.019833 99.500000 8.056000 0.028146 99.000000
45 0.019451 99.500000 8.243999 0.027921 99.000000
46 0.019099 99.500000 8.422999 0.027706 99.000000
47 0.018772 99.500000 8.603999 0.027502 99.000000
48 0.018468 99.500000 8.786999 0.027309 99.000000
49 0.018186 99.500000 8.972999 0.027127 99.000000
50 0.017921 99.500000 9.152999 0.026954 99.000000
51 0.017674 99.500000 9.355999 0.026791 99.000000
52 0.017442 99.500000 9.576999 0.026637 99.000000
53 0.017223 99.500000 9.754999 0.026492 99.000000
54 0.017018 99.500000 9.938999 0.026355 99.000000
55 0.016823 99.500000 10.121999 0.026225 99.000000
56 0.016639 99.500000 10.307999 0.026102 99.000000
57 0.016465 99.500000 10.507998 0.025985 99.000000
58 0.016300 99.500000 10.698998 0.025873 99.000000
59 0.016143 99.500000 10.881998 0.025767 99.000000
60 0.015993 99.500000 11.069998 0.025665 99.000000
61 0.015850 99.599998 11.269998 0.025566 99.000000
62 0.015714 99.599998 11.451998 0.025470 99.000000
63 0.015583 99.599998 11.639997 0.025378 99.000000
64 0.015458 99.599998 11.826998 0.025287 99.000000
65 0.015339 99.599998 12.005998 0.025198 99.000000
66 0.015224 99.599998 12.182998 0.025111 99.000000
67 0.015114 99.599998 12.360998 0.025025 99.000000
68 0.015008 99.599998 12.536998 0.024939 99.000000
69 0.014907 99.599998 12.727998 0.024854 99.000000
70 0.014809 99.599998 12.951998 0.024770 99.000000
71 0.014715 99.599998 13.132998 0.024686 99.000000
72 0.014625 99.599998 13.310998 0.024602 99.000000
73 0.014538 99.599998 13.486998 0.024519 99.000000
74 0.014455 99.599998 13.666998 0.024436 99.000000
75 0.014374 99.599998 13.863997 0.024353 99.000000
76 0.014297 99.599998 14.050998 0.024270 99.000000
77 0.014222 99.699997 14.235998 0.024187 99.000000
78 0.014150 99.699997 14.419998 0.024105 99.000000
79 0.014081 99.699997 14.628998 0.024024 99.000000
80 0.014014 99.699997 14.814998 0.023942 99.000000
81 0.013949 99.699997 15.000998 0.023862 99.000000
82 0.013886 99.699997 15.183997 0.023781 99.000000
83 0.013826 99.699997 15.368998 0.023702 99.000000
84 0.013767 99.699997 15.552998 0.023623 99.000000
85 0.013711 99.699997 15.737998 0.023545 99.000000
86 0.013656 99.699997 15.923998 0.023468 99.000000
87 0.013603 99.699997 16.107998 0.023392 99.000000
88 0.013551 99.699997 16.348997 0.023316 99.000000
89 0.013501 99.699997 16.527998 0.023242 99.000000
90 0.013452 99.699997 16.712997 0.023168 99.000000
91 0.013404 99.699997 16.902998 0.023096 99.000000
92 0.013358 99.699997 17.084997 0.023025 99.000000
93 0.013313 99.699997 17.276997 0.022955 99.000000
94 0.013268 99.699997 17.474997 0.022886 99.000000
95 0.013225 99.699997 17.655996 0.022819 99.000000
96 0.013183 99.699997 17.835997 0.022752 99.000000
97 0.013141 99.699997 18.058996 0.022687 99.000000
98 0.013100 99.699997 18.235996 0.022623 99.000000
99 0.013060 99.699997 18.419996 0.022561 99.000000
100 0.013020 99.699997 18.617996 0.022500 99.000000
101 0.012981 99.699997 18.800997 0.022440 99.000000
102 0.012942 99.699997 18.990997 0.022381 99.000000
103 0.012904 99.699997 19.175997 0.022324 99.000000
104 0.012866 99.699997 19.357996 0.022268 99.000000
105 0.012828 99.699997 19.555996 0.022213 99.000000
106 0.012790 99.699997 19.778996 0.022160 99.000000
107 0.012752 99.699997 19.958996 0.022108 99.000000
108 0.012714 99.699997 20.136995 0.022058 99.000000
109 0.012676 99.699997 20.318995 0.022008 99.000000
110 0.012638 99.699997 20.498995 0.021961 99.000000
111 0.012599 99.699997 20.687994 0.021914 99.000000
112 0.012560 99.699997 20.875994 0.021869 99.000000
113 0.012520 99.699997 21.055994 0.021825 99.000000
114 0.012480 99.699997 21.228994 0.021783 99.000000
115 0.012439 99.699997 21.445993 0.021742 99.000000
116 0.012397 99.699997 21.620993 0.021703 99.000000
117 0.012354 99.699997 21.798992 0.021664 99.000000
118 0.012310 99.699997 21.981993 0.021627 99.000000
119 0.012264 99.699997 22.161993 0.021592 99.000000
120 0.012217 99.699997 22.346992 0.021557 99.000000
121 0.012168 99.699997 22.528992 0.021524 99.000000
122 0.012117 99.699997 22.709991 0.021493 99.000000
123 0.012064 99.699997 22.889992 0.021462 99.000000
124 0.012009 99.699997 23.089993 0.021433 99.000000
125 0.011951 99.699997 23.271992 0.021405 99.000000
126 0.011890 99.699997 23.456991 0.021378 99.000000
127 0.011826 99.699997 23.642992 0.021352 99.000000
128 0.011759 99.699997 23.829992 0.021328 99.000000
129 0.011688 99.699997 24.021992 0.021304 99.000000
130 0.011614 99.699997 24.224991 0.021282 99.000000
131 0.011535 99.699997 24.409990 0.021261 99.000000
132 0.011452 99.699997 24.589991 0.021241 99.000000
133 0.011366 99.699997 24.778990 0.021222 99.000000
134 0.011275 99.699997 24.969990 0.021204 99.000000
135 0.011181 99.699997 25.147989 0.021187 99.000000
136 0.011083 99.699997 25.331989 0.021172 99.000000
137 0.010982 99.699997 25.515989 0.021158 99.000000
138 0.010879 99.699997 25.700989 0.021145 99.000000
139 0.010774 99.699997 25.882988 0.021133 99.000000
140 0.010669 99.699997 26.064987 0.021124 99.500000
141 0.010564 99.699997 26.248987 0.021115 99.500000
142 0.010460 99.699997 26.450987 0.021109 99.500000
143 0.010359 99.699997 26.647987 0.021104 99.500000
144 0.010260 99.699997 26.834988 0.021101 99.500000
145 0.010165 99.699997 27.017988 0.021099 99.500000
146 0.010074 99.699997 27.194988 0.021099 99.500000
147 0.009988 99.699997 27.380989 0.021101 99.500000
148 0.009906 99.699997 27.559990 0.021103 99.500000
149 0.009829 99.699997 27.738991 0.021107 99.500000
150 0.009756 99.800003 27.915991 0.021111 99.500000
151 0.009688 99.800003 28.100990 0.021117 99.500000
152 0.009624 99.800003 28.315990 0.021123 99.500000
153 0.009563 99.800003 28.490990 0.021129 99.500000
154 0.009507 99.800003 28.673990 0.021136 99.500000
155 0.009453 99.800003 28.857990 0.021142 99.500000
156 0.009403 99.800003 29.042990 0.021149 99.500000
157 0.009356 99.800003 29.226990 0.021156 99.500000
158 0.009312 99.800003 29.411989 0.021163 99.500000
159 0.009270 99.800003 29.591990 0.021170 99.500000
160 0.009231 99.800003 29.769989 0.021176 99.500000
161 0.009194 99.800003 29.998989 0.021183 99.500000
162 0.009159 99.800003 30.182989 0.021189 99.500000
163 0.009126 99.800003 30.365990 0.021194 99.500000
164 0.009095 99.800003 30.545990 0.021199 99.500000
165 0.009066 99.800003 30.721991 0.021204 99.500000
166 0.009038 99.800003 30.924990 0.021208 99.500000
167 0.009011 99.800003 31.116989 0.021212 99.500000
168 0.008986 99.800003 31.298988 0.021216 99.500000
169 0.008962 99.800003 31.474989 0.021219 99.500000
170 0.008939 99.800003 31.699989 0.021222 99.500000
171 0.008918 99.800003 31.878990 0.021224 99.500000
172 0.008897 99.800003 32.055988 0.021226 99.500000
173 0.008877 99.800003 32.250988 0.021227 99.500000
174 0.008859 99.800003 32.427986 0.021228 99.500000
175 0.008841 99.800003 32.607986 0.021229 99.500000
176 0.008824 99.800003 32.784985 0.021229 99.000000
177 0.008807 99.800003 32.960983 0.021229 99.000000
178 0.008792 99.800003 33.141983 0.021229 99.000000
179 0.008777 99.800003 33.373981 0.021228 99.000000
180 0.008762 99.800003 33.551983 0.021227 99.000000
181 0.008749 99.800003 33.733982 0.021225 99.000000
182 0.008736 99.800003 33.916981 0.021223 99.000000
183 0.008723 99.800003 34.101982 0.021221 99.000000
184 0.008711 99.800003 34.299984 0.021218 99.000000
185 0.008699 99.800003 34.490986 0.021216 99.000000
186 0.008688 99.800003 34.672985 0.021212 99.000000
187 0.008677 99.800003 34.855984 0.021209 99.000000
188 0.008666 99.800003 35.081985 0.021205 99.000000
189 0.008656 99.800003 35.266987 0.021201 99.000000
190 0.008647 99.800003 35.451988 0.021197 99.000000
191 0.008637 99.800003 35.638988 0.021193 99.000000
192 0.008628 99.800003 35.826988 0.021188 99.000000
193 0.008619 99.800003 36.007988 0.021183 99.000000
194 0.008611 99.800003 36.191986 0.021178 99.000000
195 0.008603 99.800003 36.373985 0.021173 99.000000
196 0.008595 99.800003 36.568985 0.021167 99.000000
197 0.008587 99.800003 36.790985 0.021161 99.000000
198 0.008580 99.800003 36.976986 0.021156 99.000000
199 0.008572 99.800003 37.163986 0.021149 99.000000
