0 0.763100 75.500000 0.356000 0.366573 88.000000
1 0.519963 82.599998 0.565000 0.225463 93.500000
2 0.328291 89.300003 0.738000 0.157732 96.000000
3 0.212258 93.800003 0.914000 0.127498 95.500000
4 0.154793 95.500000 1.084000 0.105040 95.500000
5 0.124380 96.599998 1.256000 0.087180 97.500000
6 0.105179 96.800003 1.430000 0.074983 98.000000
7 0.089977 97.299995 1.592000 0.067310 98.000000
8 0.076685 97.699997 1.754000 0.061536 98.000000
9 0.065155 98.000000 1.937000 0.055797 98.000000
10 0.056211 98.199997 2.133000 0.049980 98.500000
11 0.049907 98.599998 2.324000 0.044836 99.000000
12 0.045286 98.799995 2.540000 0.040730 99.000000
13 0.041386 98.799995 2.702000 0.037380 99.000000
14 0.037736 98.799995 2.885000 0.034239 99.000000
15 0.034362 99.000000 3.078000 0.030878 99.000000
16 0.031521 99.199997 3.256000 0.027239 99.000000
17 0.029239 99.199997 3.420000 0.023649 99.000000
18 0.027337 99.299995 3.582000 0.020458 99.000000
19 0.025803 99.299995 3.744000 0.017731 99.000000
20 0.024601 99.299995 3.906000 0.015351 99.000000
21 0.023523 99.400002 4.069000 0.013192 99.000000
22 0.022393 99.400002 4.253000 0.011184 99.500000
23 0.021158 99.400002 4.426000 0.009372 99.500000
24 0.019928 99.500000 4.589000 0.007928 99.500000
25 0.018865 99.500000 4.753000 0.006996 99.500000
26 0.017985 99.500000 4.917000 0.006519 99.500000
27 0.017270 99.599998 5.080000 0.006295 99.500000
28 0.016760 99.599998 5.243000 0.006082 99.500000
29 0.016416 99.599998 5.408000 0.005666 99.500000
30 0.016134 99.599998 5.577000 0.004885 100.000000
31 0.015824 99.599998 5.772000 0.003650 100.000000
32 0.015379 99.599998 5.950000 0.002096 100.000000
33 0.014557 99.599998 6.118001 0.000783 100.000000
34 0.013146 99.599998 6.301001 0.000187 100.000000
35 0.012014 99.699997 6.459001 0.000043 100.000000
36 0.011417 99.699997 6.624001 0.000015 100.000000
37 0.010305 99.699997 6.791000 0.000011 100.000000
38 0.008396 99.699997 6.950000 0.000012 100.000000
39 0.006481 99.800003 7.132000 0.000013 100.000000
40 0.005189 99.900002 7.298000 0.000012 100.000000
41 0.004604 99.900002 7.478000 0.000010 100.000000
42 0.004353 99.900002 7.641000 0.000009 100.000000
43 0.004189 99.900002 7.815000 0.000010 100.000000
44 0.004092 99.900002 7.980000 0.000013 100.000000
45 0.004044 99.900002 8.161000 0.000019 100.000000
46 0.004023 99.900002 8.351000 0.000026 100.000000
47 0.004009 99.900002 8.532000 0.000034 100.000000
48 0.003991 99.900002 8.712999 0.000042 100.000000
49 0.003963 99.900002 8.896999 0.000050 100.000000
50 0.003922 99.900002 9.125999 0.000061 100.000000
51 0.003857 99.900002 9.332000 0.000080 100.000000
52 0.003734 99.900002 9.514999 0.000122 100.000000
53 0.003433 99.900002 9.695999 0.000234 100.000000
54 0.002613 99.900002 9.875999 0.000531 100.000000
55 0.001205 99.900002 10.063000 0.001256 100.000000
56 0.000637 100.000000 10.252999 0.001843 100.000000
57 0.001033 100.000000 10.434999 0.001499 100.000000
58 0.000807 100.000000 10.615000 0.000866 100.000000
59 0.000363 100.000000 10.804000 0.000423 100.000000
60 0.000151 100.000000 11.013000 0.000203 100.000000
61 0.000119 100.000000 11.198999 0.000108 100.000000
62 0.000144 100.000000 11.386000 0.000069 100.000000
63 0.000151 100.000000 11.568999 0.000054 100.000000
64 0.000117 100.000000 11.749000 0.000050 100.000000
65 0.000071 100.000000 11.929999 0.000050 100.000000
66 0.000040 100.000000 12.112999 0.000054 100.000000
67 0.000024 100.000000 12.299999 0.000058 100.000000
68 0.000018 100.000000 12.489999 0.000063 100.000000
69 0.000017 100.000000 12.688999 0.000067 100.000000
70 0.000017 100.000000 12.872999 0.000070 100.000000
71 0.000017 100.000000 13.056999 0.000071 100.000000
72 0.000017 100.000000 13.237999 0.000070 100.000000
73 0.000016 100.000000 13.420999 0.000066 100.000000
74 0.000015 100.000000 13.612999 0.000060 100.000000
75 0.000012 100.000000 13.796999 0.000053 100.000000
76 0.000010 100.000000 13.980999 0.000047 100.000000
77 0.000008 100.000000 14.162999 0.000041 100.000000
78 0.000007 100.000000 14.402999 0.000035 100.000000
79 0.000005 100.000000 14.594999 0.000031 100.000000
80 0.000005 100.000000 14.782999 0.000028 100.000000
81 0.000004 100.000000 14.967999 0.000026 100.000000
82 0.000004 100.000000 15.148000 0.000024 100.000000
83 0.000003 100.000000 15.329000 0.000023 100.000000
84 0.000003 100.000000 15.511000 0.000022 100.000000
85 0.000003 100.000000 15.691999 0.000021 100.000000
86 0.000003 100.000000 15.881000 0.000022 100.000000
87 0.000002 100.000000 16.081999 0.000022 100.000000
88 0.000002 100.000000 16.273998 0.000023 100.000000
89 0.000002 100.000000 16.456999 0.000024 100.000000
90 0.000002 100.000000 16.655998 0.000025 100.000000
91 0.000002 100.000000 16.846998 0.000027 100.000000
92 0.000002 100.000000 17.036999 0.000028 100.000000
93 0.000002 100.000000 17.219999 0.000030 100.000000
94 0.000001 100.000000 17.400000 0.000031 100.000000
95 0.000001 100.000000 17.581999 0.000033 100.000000
96 0.000001 100.000000 17.789999 0.000033 100.000000
97 0.000001 100.000000 17.993999 0.000034 100.000000
98 0.000001 100.000000 18.184000 0.000033 100.000000
99 0.000001 100.000000 18.368000 0.000033 100.000000
100 0.000001 100.000000 18.552000 0.000032 100.000000
101 0.000001 100.000000 18.733999 0.000031 100.000000
102 0.000001 100.000000 18.917999 0.000030 100.000000
103 0.000001 100.000000 19.101000 0.000029 100.000000
104 0.000001 100.000000 19.292000 0.000028 100.000000
105 0.000001 100.000000 19.487999 0.000027 100.000000
106 0.000001 100.000000 19.695000 0.000026 100.000000
107 0.000001 100.000000 19.875000 0.000026 100.000000
108 0.000001 100.000000 20.052000 0.000025 100.000000
109 0.000001 100.000000 20.236000 0.000025 100.000000
110 0.000000 100.000000 20.427999 0.000025 100.000000
111 0.000000 100.000000 20.614000 0.000024 100.000000
112 0.000000 100.000000 20.800001 0.000023 100.000000
113 0.000000 100.000000 20.986002 0.000023 100.000000
114 0.000000 100.000000 21.177002 0.000021 100.000000
115 0.000000 100.000000 21.374002 0.000020 100.000000
116 0.000000 100.000000 21.564003 0.000019 100.000000
117 0.000000 100.000000 21.744003 0.000018 100.000000
118 0.000000 100.000000 21.927004 0.000017 100.000000
119 0.000000 100.000000 22.111004 0.000015 100.000000
120 0.000000 100.000000 22.295004 0.000015 100.000000
121 0.000000 100.000000 22.480003 0.000014 100.000000
122 0.000000 100.000000 22.666004 0.000013 100.000000
123 0.000000 100.000000 22.851004 0.000012 100.000000
124 0.000000 100.000000 23.043003 0.000012 100.000000
125 0.000000 100.000000 23.228003 0.000011 100.000000
126 0.000000 100.000000 23.423002 0.000010 100.000000
127 0.000000 100.000000 23.614002 0.000010 100.000000
128 0.000000 100.000000 23.802002 0.000009 100.000000
129 0.000000 100.000000 23.988003 0.000009 100.000000
130 0.000000 100.000000 24.174004 0.000008 100.000000
131 0.000000 100.000000 24.358004 0.000007 100.000000
132 0.000000 100.000000 24.556004 0.000007 100.000000
133 0.000000 100.000000 24.764004 0.000006 100.000000
134 0.000000 100.000000 24.950005 0.000006 100.000000
135 0.000000 100.000000 25.136005 0.000006 100.000000
136 0.000000 100.000000 25.321005 0.000005 100.000000
137 0.000000 100.000000 25.501005 0.000005 100.000000
138 0.000000 100.000000 25.684006 0.000005 100.000000
139 0.000000 100.000000 25.867006 0.000004 100.000000
140 0.000000 100.000000 26.058006 0.000004 100.000000
141 0.000000 100.000000 26.242006 0.000004 100.000000
142 0.000000 100.000000 26.450006 0.000003 100.000000
143 0.000000 100.000000 26.653006 0.000003 100.000000
144 0.000000 100.000000 26.831005 0.000003 100.000000
145 0.000000 100.000000 27.019005 0.000003 100.000000
146 0.000000 100.000000 27.205006 0.000003 100.000000
147 0.000000 100.000000 27.389006 0.000002 100.000000
148 0.000000 100.000000 27.573006 0.000002 100.000000
149 0.000000 100.000000 27.755005 0.000002 100.000000
150 0.000000 100.000000 27.947004 0.000002 100.000000
151 0.000000 100.000000 28.160004 0.000002 100.000000
152 0.000000 100.000000 28.390003 0.000002 100.000000
153 0.000000 100.000000 28.575003 0.000002 100.000000
154 0.000000 100.000000 28.758003 0.000001 100.000000
155 0.000000 100.000000 28.945004 0.000001 100.000000
156 0.000000 100.000000 29.131004 0.000001 100.000000
157 0.000000 100.000000 29.316004 0.000001 100.000000
158 0.000000 100.000000 29.507004 0.000001 100.000000
159 0.000000 100.000000 29.689003 0.000001 100.000000
160 0.000000 100.000000 29.873003 0.000001 100.000000
161 0.000000 100.000000 30.066004 0.000001 100.000000
162 0.000000 100.000000 30.250004 0.000001 100.000000
163 0.000000 100.000000 30.444004 0.000001 100.000000
164 0.000000 100.000000 30.635004 0.000001 100.000000
165 0.000000 100.000000 30.821005 0.000001 100.000000
166 0.000000 100.000000 31.005005 0.000001 100.000000
167 0.000000 100.000000 31.186005 0.000001 100.000000
168 0.000000 100.000000 31.370005 0.000001 100.000000
169 0.000000 100.000000 31.552004 0.000001 100.000000
170 0.000000 100.000000 31.775003 0.000001 100.000000
171 0.000000 100.000000 31.960003 0.000000 100.000000
172 0.000000 100.000000 32.144001 0.000000 100.000000
173 0.000000 100.000000 32.327000 0.000000 100.000000
174 0.000000 100.000000 32.513000 0.000000 100.000000
175 0.000000 100.000000 32.691002 0.000000 100.000000
176 0.000000 100.000000 32.878002 0.000000 100.000000
177 0.000000 100.000000 33.054001 0.000000 100.000000
178 0.000000 100.000000 33.230999 0.000000 100.000000
179 0.000000 100.000000 33.425999 0.000000 100.000000
180 0.000000 100.000000 33.605000 0.000000 100.000000
181 0.000000 100.000000 33.798000 0.000000 100.000000
182 0.000000 100.000000 33.985001 0.000000 100.000000
183 0.000000 100.000000 34.173000 0.000000 100.000000
184 0.000000 100.000000 34.356998 0.000000 100.000000
185 0.000000 100.000000 34.540997 0.000000 100.000000
186 0.000000 100.000000 34.735996 0.000000 100.000000
187 0.000000 100.000000 34.920998 0.000000 100.000000
188 0.000000 100.000000 35.137997 0.000000 100.000000
189 0.000000 100.000000 35.329998 0.000000 100.000000
190 0.000000 100.000000 35.510998 0.000000 100.000000
191 0.000000 100.000000 35.690998 0.000000 100.000000
192 0.000000 100.000000 35.875999 0.000000 100.000000
193 0.000000 100.000000 36.058998 0.000000 100.000000
194 0.000000 100.000000 36.247997 0.000000 100.000000
195 0.000000 100.000000 36.435997 0.000000 100.000000
196 0.000000 100.000000 36.623997 0.000000 100.000000
197 0.000000 100.000000 36.855995 0.000000 100.000000
198 0.000000 100.000000 37.048996 0.000000 100.000000
199 0.000000 100.000000 37.244995 0.000000 100.000000
